<html>
<head>
<title>Chibiis Female</title>
</head>
<body>
<FireBoxRoom>
<Assets>
<AssetObject id="chibii10_body" src="body_male.obj" mtl="mtls3/body_male10.mtl" />
<AssetObject id="chibii2_head" src="head_male.obj" mtl="mtls3/head_male2.mtl" />
<AssetObject id="chibii18_body" src="body_male.obj" mtl="mtls3/body_male18.mtl" />
<AssetObject id="chibii18_head" src="head_male.obj" mtl="mtls3/head_male18.mtl" />
<AssetObject id="chibii17_head" src="head_male.obj" mtl="mtls3/head_male17.mtl" />
<AssetObject id="chibii5_head" src="head_male.obj" mtl="mtls3/head_male5.mtl" />
<AssetObject id="chibii13_body" src="body_male.obj" mtl="mtls3/body_male13.mtl" />
<AssetObject id="chibii16_body" src="body_male.obj" mtl="mtls3/body_male16.mtl" />
<AssetObject id="chibii6_body" src="body_male.obj" mtl="mtls3/body_male6.mtl" />
<AssetObject id="chibii3_body" src="body_male.obj" mtl="mtls3/body_male3.mtl" />
<AssetObject id="chibii8_body" src="body_male.obj" mtl="mtls3/body_male8.mtl" />
<AssetObject id="chibii5_body" src="body_male.obj" mtl="mtls3/body_male5.mtl" />
<AssetObject id="chibii12_body" src="body_male.obj" mtl="mtls3/body_male12.mtl" />
<AssetObject id="chibii20_head" src="head_male.obj" mtl="mtls3/head_male20.mtl" />
<AssetObject id="chibii19_head" src="head_male.obj" mtl="mtls3/head_male19.mtl" />
<AssetObject id="chibii9_body" src="body_male.obj" mtl="mtls3/body_male9.mtl" />
<AssetObject id="chibii7_body" src="body_male.obj" mtl="mtls3/body_male7.mtl" />
<AssetObject id="chibii8_head" src="head_male.obj" mtl="mtls3/head_male8.mtl" />
<AssetObject id="chibii11_body" src="body_male.obj" mtl="mtls3/body_male11.mtl" />
<AssetObject id="chibii2_body" src="body_male.obj" mtl="mtls3/body_male2.mtl" />
<AssetObject id="chibii4_body" src="body_male.obj" mtl="mtls3/body_male4.mtl" />
<AssetObject id="chibii4_head" src="head_male.obj" mtl="mtls3/head_male4.mtl" />
<AssetObject id="chibii15_body" src="body_male.obj" mtl="mtls3/body_male15.mtl" />
<AssetObject id="chibii7_head" src="head_male.obj" mtl="mtls3/head_male7.mtl" />
<AssetObject id="chibii1_head" src="head_male.obj" mtl="mtls3/head_male1.mtl" />
<AssetObject id="chibii14_body" src="body_male.obj" mtl="mtls3/body_male14.mtl" />
<AssetObject id="chibii12_head" src="head_male.obj" mtl="mtls3/head_male12.mtl" />
<AssetObject id="chibii17_body" src="body_male.obj" mtl="mtls3/body_male17.mtl" />
<AssetObject id="chibii11_head" src="head_male.obj" mtl="mtls3/head_male11.mtl" />
<AssetObject id="chibii6_head" src="head_male.obj" mtl="mtls3/head_male6.mtl" />
<AssetObject id="chibii13_head" src="head_male.obj" mtl="mtls3/head_male13.mtl" />
<AssetObject id="chibii19_body" src="body_male.obj" mtl="mtls3/body_male19.mtl" />
<AssetObject id="chibii20_body" src="body_male.obj" mtl="mtls3/body_male20.mtl" />
<AssetObject id="chibii15_head" src="head_male.obj" mtl="mtls3/head_male15.mtl" />
<AssetObject id="chibii14_head" src="head_male.obj" mtl="mtls3/head_male14.mtl" />
<AssetObject id="chibii16_head" src="head_male.obj" mtl="mtls3/head_male16.mtl" />
<AssetObject id="chibii3_head" src="head_male.obj" mtl="mtls3/head_male3.mtl" />
<AssetObject id="chibii1_body" src="body_male.obj" mtl="mtls3/body_male1.mtl" />
<AssetObject id="chibii10_head" src="head_male.obj" mtl="mtls3/head_male10.mtl" />
<AssetObject id="chibii9_head" src="head_male.obj" mtl="mtls3/head_male9.mtl" />
<AssetGhost id="chibii15" src="ghosts/ghost15.txt" />
<AssetGhost id="chibii14" src="ghosts/ghost14.txt" />
<AssetGhost id="chibii19" src="ghosts/ghost19.txt" />
<AssetGhost id="chibii1" src="ghosts/ghost1.txt" />
<AssetGhost id="chibii12" src="ghosts/ghost12.txt" />
<AssetGhost id="chibii17" src="ghosts/ghost17.txt" />
<AssetGhost id="chibii6" src="ghosts/ghost6.txt" />
<AssetGhost id="chibii18" src="ghosts/ghost18.txt" />
<AssetGhost id="chibii7" src="ghosts/ghost7.txt" />
<AssetGhost id="chibii4" src="ghosts/ghost4.txt" />
<AssetGhost id="chibii2" src="ghosts/ghost2.txt" />
<AssetGhost id="chibii9" src="ghosts/ghost9.txt" />
<AssetGhost id="chibii11" src="ghosts/ghost11.txt" />
<AssetGhost id="chibii5" src="ghosts/ghost5.txt" />
<AssetGhost id="chibii16" src="ghosts/ghost16.txt" />
<AssetGhost id="chibii3" src="ghosts/ghost3.txt" />
<AssetGhost id="chibii13" src="ghosts/ghost13.txt" />
<AssetGhost id="chibii8" src="ghosts/ghost8.txt" />
<AssetGhost id="chibii10" src="ghosts/ghost10.txt" />
<AssetGhost id="chibii20" src="ghosts/ghost20.txt" />
</Assets>
<Room use_local_asset="room_plane" visible="false" pos="0 0 0" xdir="0 0 1" ydir="0 1 0" zdir="-1 0 0" skybox_down_id="sky_down" skybox_front_id="sky_front" skybox_left_id="sky_left" skybox_back_id="sky_back" skybox_right_id="sky_right" skybox_up_id="sky_up" far_dist="2000" walk_speed="2">
<Ghost id="chibii1" js_id="5" pos="-11.565 0.602 -3.559" xdir="0.265767 0 -0.964037" ydir="0.135986 0.990001 0.037489" zdir="0.954398 -0.141059 0.26311" scale="3 3 3" lighting="false" head_id="chibii1_head" head_pos="0 0.2 0" body_id="chibii1_body" />
<Ghost id="chibii2" js_id="6" pos="-9.97 0.602 -6.813" xdir="0.513893 0 -0.857854" ydir="0.182758 0.977043 0.10948" zdir="0.838161 -0.213041 0.502096" scale="3 3 3" lighting="false" head_id="chibii2_head" head_pos="0 0.2 0" body_id="chibii2_body" />
<Ghost id="chibii3" js_id="7" pos="-7.206 0.602 -9.742" xdir="0.773957 0 -0.633238" ydir="0.124106 0.980607 0.151685" zdir="0.620957 -0.195986 0.758948" scale="3 3 3" lighting="false" head_id="chibii3_head" head_pos="0 0.2 0" body_id="chibii3_body" />
<Ghost id="chibii4" js_id="8" pos="-3.731 0.602 -11.478" xdir="0.942512 0 -0.334173" ydir="0.08587 0.966422 0.242189" zdir="0.322952 -0.256962 0.910864" scale="3 3 3" lighting="false" head_id="chibii4_head" head_pos="0 0.2 0" body_id="chibii4_body" />
<Ghost id="chibii5" js_id="9" pos="0.082 0.602 -12.019" xdir="0.999408 0 -0.034393" ydir="0.00526 0.988235 0.152855" zdir="0.033988 -0.152946 0.98765" scale="3 3 3" lighting="false" head_id="chibii5_head" head_pos="0 0.2 0" body_id="chibii5_body" />
<Ghost id="chibii6" js_id="10" pos="3.408 0.602 -11.504" xdir="0.960285 0 0.279022" ydir="-0.053272 0.981605 0.18334" zdir="-0.27389 -0.190923 0.94262" scale="3 3 3" lighting="false" head_id="chibii6_head" head_pos="0 0.2 0" body_id="chibii6_body" />
<Ghost id="chibii7" js_id="11" pos="6.827 0.602 -9.959" xdir="0.81827 0 0.574834" ydir="-0.119619 0.978109 0.170276" zdir="-0.562251 -0.208093 0.800357" scale="3 3 3" lighting="false" head_id="chibii7_head" head_pos="0 0.2 0" body_id="chibii7_body" />
<Ghost id="chibii8" js_id="12" pos="9.678 0.602 -7.224" xdir="0.635672 0 0.77196" ydir="-0.141255 0.983116 0.116317" zdir="-0.758926 -0.182982 0.624939" scale="3 3 3" lighting="false" head_id="chibii8_head" head_pos="0 0.2 0" body_id="chibii8_body" />
<Ghost id="chibii9" js_id="13" pos="11.408 0.602 -3.721" xdir="0.337495 0 0.941327" ydir="-0.170341 0.983491 0.061073" zdir="-0.925787 -0.180958 0.331923" scale="3 3 3" lighting="false" head_id="chibii9_head" head_pos="0 0.2 0" body_id="chibii9_body" />
<Ghost id="chibii10" js_id="14" pos="12.043 0.602 -0.009" xdir="0.055751 0 0.998445" ydir="-0.162761 0.986624 0.009088" zdir="-0.985089 -0.163015 0.055005" scale="3 3 3" lighting="false" head_id="chibii10_head" head_pos="0 0.2 0" body_id="chibii10_body" />
<Ghost id="chibii11" js_id="15" pos="11.367 0.602 3.431" xdir="-0.282439 0 0.959285" ydir="-0.127554 0.99112 -0.037555" zdir="-0.950767 -0.132967 -0.279931" scale="3 3 3" lighting="false" head_id="chibii11_head" head_pos="0 0.2 0" body_id="chibii11_body" />
<Ghost id="chibii12" js_id="16" pos="9.859 0.602 6.83" xdir="-0.52545 0 0.850825" ydir="-0.123346 0.989436 -0.076175" zdir="-0.841836 -0.144972 -0.519899" scale="3 3 3" lighting="false" head_id="chibii12_head" head_pos="0 0.2 0" body_id="chibii12_body" />
<Ghost id="chibii13" js_id="17" pos="7.12 0.602 9.668" xdir="-0.766028 0 0.642807" ydir="-0.145313 0.974113 -0.173168" zdir="-0.626167 -0.22606 -0.746199" scale="3 3 3" lighting="false" head_id="chibii13_head" head_pos="0 0.2 0" body_id="chibii13_body" />
<Ghost id="chibii14" js_id="18" pos="3.627 0.602 11.378" xdir="-0.937725 0 0.34738" ydir="-0.030917 0.996032 -0.083458" zdir="-0.346001 -0.089 -0.934003" scale="3 3 3" lighting="false" head_id="chibii14_head" head_pos="0 0.2 0" body_id="chibii14_body" />
<Ghost id="chibii15" js_id="19" pos="-0.018 0.602 12.088" xdir="-0.996033 0 0.088986" ydir="-0.012997 0.989277 -0.145473" zdir="-0.088031 -0.146052 -0.985352" scale="3 3 3" lighting="false" head_id="chibii15_head" head_pos="0 0.2 0" body_id="chibii15_body" />
<Ghost id="chibii16" js_id="20" pos="-3.453 0.602 11.499" xdir="-0.978795 0 -0.204841" ydir="0.02785 0.990714 -0.133076" zdir="0.202939 -0.135959 -0.969707" scale="3 3 3" lighting="false" head_id="chibii16_head" head_pos="0 0.2 0" body_id="chibii16_body" />
<Ghost id="chibii17" js_id="21" pos="-6.86 0.602 9.957" xdir="-0.843411 0 -0.537269" ydir="0.087588 0.986622 -0.137497" zdir="0.530081 -0.163025 -0.832128" scale="3 3 3" lighting="false" head_id="chibii17_head" head_pos="0 0.2 0" body_id="chibii17_body" />
<Ghost id="chibii18" js_id="22" pos="-9.728 0.602 7.05" xdir="-0.631695 0 -0.775217" ydir="0.11241 0.989431 -0.091599" zdir="0.767023 -0.145004 -0.625019" scale="3 3 3" lighting="false" head_id="chibii18_head" head_pos="0 0.2 0" body_id="chibii18_body" />
<Ghost id="chibii19" js_id="23" pos="-11.471 0.602 3.72" xdir="-0.36772 0 -0.929937" ydir="0.148783 0.987118 -0.058832" zdir="0.917957 -0.159993 -0.362983" scale="3 3 3" lighting="false" head_id="chibii19_head" head_pos="0 0.2 0" body_id="chibii19_body" />
<Ghost id="chibii20" js_id="24" pos="-12.033 0.602 -0.089" xdir="-0.019092 0 -0.999818" ydir="0.098973 0.995088 -0.00189" zdir="0.994907 -0.098991 -0.018998" scale="3 3 3" lighting="false" head_id="chibii20_head" head_pos="0 0.2 0" body_id="chibii20_body" />
</Room>
</FireBoxRoom>
</body>
</html>
